2708
5278
3306080756.000000
14282268.000000
52301.000000
1630.000000
2235737111245.000000
19316767470.000000
13873702.000000
141474205.000000
4409150.000000
1101700.000000
326357.000000
66082.000000
4664.000000
3788.000000
220.000000
1209086629761296.000000
17410846412960.000000
37514490208.000000
191273125160.000000
5961170800.000000
2978996800.000000
882469328.000000
178685728.000000
12611456.000000
10242752.000000
594880.000000
271977372.000000
8532168.000000
36117874.000000
14150712.000000
2409998.000000
2750696.000000
353400.000000
682846.000000
323075.000000
13341.000000
23872.000000
64913.000000
181841.000000
23887.000000
7308.000000
4228.000000
9864.000000
10734.000000
3652.000000
702.000000
2055.000000
229.000000
9.000000
